1650964534.000000, IBI
10.343750,0.593750
10.921875,0.578125
11.515625,0.593750
12.125000,0.609375
12.765625,0.640625
13.328125,0.562500
13.890625,0.562500
14.453125,0.562500
15.062500,0.609375
15.671875,0.609375
16.296875,0.625000
16.921875,0.625000
17.531250,0.609375
18.109375,0.578125
18.671875,0.562500
19.203125,0.531250
19.750000,0.546875
20.343750,0.593750
20.953125,0.609375
21.578125,0.625000
22.171875,0.593750
22.796875,0.625000
23.437500,0.640625
24.046875,0.609375
24.656250,0.609375
25.234375,0.578125
25.812500,0.578125
26.390625,0.578125
26.968750,0.578125
27.546875,0.578125
28.109375,0.562500
28.687500,0.578125
29.265625,0.578125
29.859375,0.593750
30.421875,0.562500
30.968750,0.546875
31.531250,0.562500
32.093750,0.562500
32.656250,0.562500
33.187500,0.531250
33.718750,0.531250
34.250000,0.531250
34.796875,0.546875
35.359375,0.562500
35.906250,0.546875
36.453125,0.546875
37.015625,0.562500
37.609375,0.593750
38.187500,0.578125
38.750000,0.562500
39.281250,0.531250
39.828125,0.546875
40.406250,0.578125
40.953125,0.546875
41.484375,0.531250
42.031250,0.546875
42.593750,0.562500
43.156250,0.562500
43.703125,0.546875
44.234375,0.531250
44.765625,0.531250
45.312500,0.546875
45.890625,0.578125
46.453125,0.562500
47.000000,0.546875
47.562500,0.562500
48.156250,0.593750
48.781250,0.625000
49.390625,0.609375
49.968750,0.578125
50.578125,0.609375
51.156250,0.578125
51.765625,0.609375
52.359375,0.593750
52.937500,0.578125
53.515625,0.578125
54.093750,0.578125
54.656250,0.562500
55.218750,0.562500
55.734375,0.515625
56.281250,0.546875
56.890625,0.609375
57.531250,0.640625
58.171875,0.640625
58.765625,0.593750
59.390625,0.625000
60.015625,0.625000
60.609375,0.593750
61.203125,0.593750
61.781250,0.578125
62.359375,0.578125
62.937500,0.578125
63.500000,0.562500
64.046875,0.546875
64.609375,0.562500
65.187500,0.578125
65.750000,0.562500
66.281250,0.531250
66.796875,0.515625
67.328125,0.531250
67.890625,0.562500
68.453125,0.562500
68.968750,0.515625
69.484375,0.515625
70.015625,0.531250
70.531250,0.515625
71.046875,0.515625
71.562500,0.515625
72.062500,0.500000
72.546875,0.484375
73.046875,0.500000
73.546875,0.500000
74.109375,0.562500
74.671875,0.562500
75.218750,0.546875
75.734375,0.515625
76.281250,0.546875
76.890625,0.609375
77.500000,0.609375
78.093750,0.593750
78.687500,0.593750
79.265625,0.578125
79.859375,0.593750
80.453125,0.593750
81.015625,0.562500
81.546875,0.531250
82.078125,0.531250
82.609375,0.531250
83.140625,0.531250
83.656250,0.515625
84.156250,0.500000
84.671875,0.515625
85.234375,0.562500
85.828125,0.593750
86.406250,0.578125
86.984375,0.578125
87.593750,0.609375
88.234375,0.640625
88.859375,0.625000
89.468750,0.609375
90.093750,0.625000
90.718750,0.625000
91.359375,0.640625
91.953125,0.593750
92.546875,0.593750
93.125000,0.578125
93.718750,0.593750
94.296875,0.578125
94.875000,0.578125
95.421875,0.546875
95.984375,0.562500
96.531250,0.546875
97.093750,0.562500
97.640625,0.546875
98.203125,0.562500
98.843750,0.640625
99.515625,0.671875
100.109375,0.593750
100.718750,0.609375
101.328125,0.609375
101.937500,0.609375
102.531250,0.593750
103.140625,0.609375
103.750000,0.609375
104.375000,0.625000
104.968750,0.593750
105.546875,0.578125
106.125000,0.578125
106.718750,0.593750
107.312500,0.593750
107.890625,0.578125
108.468750,0.578125
109.046875,0.578125
109.640625,0.593750
110.203125,0.562500
110.765625,0.562500
111.296875,0.531250
117.250000,0.781250
117.859375,0.609375
118.468750,0.609375
119.046875,0.578125
119.625000,0.578125
120.218750,0.593750
120.812500,0.593750
121.406250,0.593750
122.015625,0.609375
122.640625,0.625000
123.218750,0.578125
123.796875,0.578125
124.375000,0.578125
124.953125,0.578125
125.531250,0.578125
126.093750,0.562500
126.656250,0.562500
127.218750,0.562500
127.812500,0.593750
128.406250,0.593750
129.015625,0.609375
129.593750,0.578125
130.156250,0.562500
130.718750,0.562500
131.281250,0.562500
131.859375,0.578125
132.468750,0.609375
133.046875,0.578125
133.640625,0.593750
134.234375,0.593750
134.843750,0.609375
135.437500,0.593750
136.015625,0.578125
136.593750,0.578125
141.015625,0.625000
141.656250,0.640625
142.296875,0.640625
142.984375,0.687500
143.687500,0.703125
144.375000,0.687500
145.046875,0.671875
145.734375,0.687500
146.421875,0.687500
147.078125,0.656250
147.734375,0.656250
148.406250,0.671875
149.078125,0.671875
149.734375,0.656250
150.375000,0.640625
151.015625,0.640625
151.656250,0.640625
152.312500,0.656250
152.921875,0.609375
153.515625,0.593750
154.125000,0.609375
154.750000,0.625000
155.390625,0.640625
156.000000,0.609375
156.625000,0.625000
157.109375,0.484375
160.343750,0.593750
160.921875,0.578125
161.484375,0.562500
162.046875,0.562500
162.593750,0.546875
163.171875,0.578125
163.781250,0.609375
164.375000,0.593750
164.953125,0.578125
165.546875,0.593750
166.171875,0.625000
166.828125,0.656250
167.453125,0.625000
168.062500,0.609375
168.671875,0.609375
169.296875,0.625000
169.953125,0.656250
170.593750,0.640625
171.218750,0.625000
171.843750,0.625000
172.468750,0.625000
173.109375,0.640625
173.750000,0.640625
174.390625,0.640625
175.171875,0.781250
175.781250,0.609375
176.406250,0.625000
177.031250,0.625000
177.656250,0.625000
178.265625,0.609375
178.890625,0.625000
179.531250,0.640625
180.203125,0.671875
180.875000,0.671875
181.484375,0.609375
182.109375,0.625000
182.718750,0.609375
183.343750,0.625000
183.968750,0.625000
184.562500,0.593750
185.171875,0.609375
185.812500,0.640625
186.453125,0.640625
187.078125,0.625000
187.671875,0.593750
188.281250,0.609375
188.906250,0.625000
189.546875,0.640625
190.203125,0.656250
190.812500,0.609375
191.406250,0.593750
192.000000,0.593750
192.562500,0.562500
193.078125,0.515625
193.593750,0.515625
194.125000,0.531250
194.703125,0.578125
195.296875,0.593750
195.906250,0.609375
196.546875,0.640625
197.187500,0.640625
197.828125,0.640625
198.453125,0.625000
199.078125,0.625000
199.687500,0.609375
200.265625,0.578125
200.828125,0.562500
201.359375,0.531250
201.890625,0.531250
202.437500,0.546875
203.000000,0.562500
203.609375,0.609375
204.187500,0.578125
204.781250,0.593750
205.375000,0.593750
205.968750,0.593750
206.578125,0.609375
207.203125,0.625000
207.843750,0.640625
208.453125,0.609375
209.000000,0.546875
209.562500,0.562500
210.125000,0.562500
210.687500,0.562500
211.234375,0.546875
211.781250,0.546875
212.296875,0.515625
212.828125,0.531250
213.343750,0.515625
213.875000,0.531250
214.390625,0.515625
214.906250,0.515625
215.421875,0.515625
215.937500,0.515625
216.484375,0.546875
217.031250,0.546875
217.593750,0.562500
218.171875,0.578125
218.718750,0.546875
219.296875,0.578125
219.875000,0.578125
220.468750,0.593750
221.062500,0.593750
221.656250,0.593750
222.250000,0.593750
222.859375,0.609375
223.500000,0.640625
224.140625,0.640625
224.750000,0.609375
225.343750,0.593750
225.953125,0.609375
226.546875,0.593750
227.156250,0.609375
227.734375,0.578125
228.328125,0.593750
228.906250,0.578125
229.500000,0.593750
230.078125,0.578125
230.625000,0.546875
231.187500,0.562500
231.796875,0.609375
232.421875,0.625000
233.062500,0.640625
233.687500,0.625000
234.281250,0.593750
234.875000,0.593750
235.468750,0.593750
236.062500,0.593750
236.671875,0.609375
237.265625,0.593750
237.843750,0.578125
238.406250,0.562500
238.968750,0.562500
239.546875,0.578125
240.140625,0.593750
240.734375,0.593750
241.281250,0.546875
241.843750,0.562500
242.437500,0.593750
243.062500,0.625000
243.687500,0.625000
244.281250,0.593750
244.875000,0.593750
245.484375,0.609375
246.078125,0.593750
246.703125,0.625000
247.296875,0.593750
247.890625,0.593750
248.468750,0.578125
249.046875,0.578125
249.671875,0.625000
250.296875,0.625000
250.921875,0.625000
251.515625,0.593750
252.125000,0.609375
252.734375,0.609375
253.359375,0.625000
253.984375,0.625000
254.578125,0.593750
255.171875,0.593750
255.750000,0.578125
256.343750,0.593750
256.953125,0.609375
257.546875,0.593750
258.140625,0.593750
258.750000,0.609375
259.375000,0.625000
260.031250,0.656250
260.687500,0.656250
261.328125,0.640625
261.937500,0.609375
262.562500,0.625000
263.171875,0.609375
263.781250,0.609375
264.375000,0.593750
264.968750,0.593750
265.546875,0.578125
266.140625,0.593750
266.765625,0.625000
267.375000,0.609375
267.984375,0.609375
268.609375,0.625000
269.218750,0.609375
269.812500,0.593750
270.375000,0.562500
270.968750,0.593750
271.531250,0.562500
272.093750,0.562500
272.687500,0.593750
273.265625,0.578125
273.828125,0.562500
274.375000,0.546875
274.953125,0.578125
275.562500,0.609375
276.156250,0.593750
276.718750,0.562500
277.281250,0.562500
277.828125,0.546875
278.406250,0.578125
279.015625,0.609375
279.609375,0.593750
280.218750,0.609375
280.812500,0.593750
281.421875,0.609375
281.984375,0.562500
282.546875,0.562500
283.078125,0.531250
283.640625,0.562500
284.234375,0.593750
284.843750,0.609375
285.453125,0.609375
286.078125,0.625000
286.671875,0.593750
287.234375,0.562500
287.812500,0.578125
288.406250,0.593750
289.015625,0.609375
289.640625,0.625000
290.421875,0.781250
291.031250,0.609375
291.640625,0.609375
292.265625,0.625000
292.906250,0.640625
293.515625,0.609375
294.109375,0.593750
294.734375,0.625000
295.359375,0.625000
295.968750,0.609375
296.578125,0.609375
297.156250,0.578125
297.750000,0.593750
298.359375,0.609375
298.984375,0.625000
299.625000,0.640625
300.250000,0.625000
300.875000,0.625000
301.484375,0.609375
302.125000,0.640625
302.765625,0.640625
303.406250,0.640625
304.031250,0.625000
304.671875,0.640625
305.312500,0.640625
