1653136844.000000, IBI
26.109375,0.640625
26.750000,0.640625
27.437500,0.687500
28.078125,0.640625
28.718750,0.640625
38.078125,0.625000
38.640625,0.562500
39.218750,0.578125
39.765625,0.546875
48.187500,0.546875
48.812500,0.625000
49.390625,0.578125
49.937500,0.546875
59.140625,0.640625
63.015625,0.625000
74.500000,0.640625
75.156250,0.656250
75.781250,0.625000
76.406250,0.625000
77.000000,0.593750
77.593750,0.593750
78.187500,0.593750
78.765625,0.578125
79.359375,0.593750
79.968750,0.609375
80.578125,0.609375
81.218750,0.640625
81.843750,0.625000
82.468750,0.625000
83.171875,0.703125
83.921875,0.750000
84.546875,0.625000
85.406250,0.859375
86.031250,0.625000
86.640625,0.609375
87.265625,0.625000
87.875000,0.609375
88.484375,0.609375
89.109375,0.625000
89.812500,0.703125
90.531250,0.718750
91.218750,0.687500
91.875000,0.656250
92.500000,0.625000
93.140625,0.640625
93.796875,0.656250
94.500000,0.703125
95.234375,0.734375
95.921875,0.687500
96.562500,0.640625
97.203125,0.640625
97.812500,0.609375
98.437500,0.625000
99.078125,0.640625
99.718750,0.640625
100.359375,0.640625
100.984375,0.625000
101.593750,0.609375
102.171875,0.578125
102.734375,0.562500
103.250000,0.515625
103.812500,0.562500
129.593750,0.687500
130.281250,0.687500
130.953125,0.671875
131.625000,0.671875
132.281250,0.656250
132.953125,0.671875
133.625000,0.671875
134.296875,0.671875
134.937500,0.640625
135.625000,0.687500
136.281250,0.656250
140.171875,0.625000
140.812500,0.640625
141.328125,0.515625
141.890625,0.562500
142.453125,0.562500
143.000000,0.546875
143.546875,0.546875
144.140625,0.593750
144.734375,0.593750
150.328125,0.625000
150.921875,0.593750
151.515625,0.593750
162.984375,0.593750
163.593750,0.609375
164.187500,0.593750
164.781250,0.593750
165.390625,0.609375
166.015625,0.625000
166.656250,0.640625
167.312500,0.656250
167.968750,0.656250
168.640625,0.671875
169.281250,0.640625
169.984375,0.703125
170.687500,0.703125
171.343750,0.656250
171.984375,0.640625
172.609375,0.625000
173.218750,0.609375
173.828125,0.609375
174.468750,0.640625
175.218750,0.750000
175.781250,0.562500
176.343750,0.562500
176.937500,0.593750
177.531250,0.593750
178.140625,0.609375
187.968750,0.625000
188.609375,0.640625
189.250000,0.640625
189.890625,0.640625
190.468750,0.578125
191.062500,0.593750
191.625000,0.562500
192.218750,0.593750
192.812500,0.593750
193.406250,0.593750
194.015625,0.609375
194.609375,0.593750
195.218750,0.609375
195.812500,0.593750
196.375000,0.562500
196.937500,0.562500
197.500000,0.562500
198.078125,0.578125
198.625000,0.546875
199.187500,0.562500
199.781250,0.593750
200.421875,0.640625
201.109375,0.687500
201.781250,0.671875
202.421875,0.640625
203.062500,0.640625
203.687500,0.625000
204.296875,0.609375
204.843750,0.546875
205.421875,0.578125
205.968750,0.546875
206.515625,0.546875
207.062500,0.546875
207.625000,0.562500
208.203125,0.578125
208.765625,0.562500
209.343750,0.578125
209.937500,0.593750
210.531250,0.593750
211.109375,0.578125
211.734375,0.625000
212.421875,0.687500
213.156250,0.734375
213.890625,0.734375
214.593750,0.703125
215.218750,0.625000
215.843750,0.625000
216.468750,0.625000
217.078125,0.609375
217.703125,0.625000
218.312500,0.609375
218.937500,0.625000
219.546875,0.609375
220.125000,0.578125
220.718750,0.593750
221.312500,0.593750
221.875000,0.562500
222.468750,0.593750
223.093750,0.625000
223.718750,0.625000
224.312500,0.593750
224.890625,0.578125
225.500000,0.609375
226.187500,0.687500
226.937500,0.750000
227.671875,0.734375
228.359375,0.687500
228.984375,0.625000
229.578125,0.593750
230.140625,0.562500
230.703125,0.562500
231.265625,0.562500
231.796875,0.531250
232.343750,0.546875
232.906250,0.562500
233.484375,0.578125
234.015625,0.531250
234.562500,0.546875
238.390625,0.640625
239.078125,0.687500
239.781250,0.703125
240.453125,0.671875
241.078125,0.625000
241.687500,0.609375
242.296875,0.609375
242.937500,0.640625
243.562500,0.625000
244.203125,0.640625
267.031250,0.625000
267.671875,0.640625
268.343750,0.671875
269.015625,0.671875
269.671875,0.656250
270.359375,0.687500
271.031250,0.671875
271.703125,0.671875
272.343750,0.640625
272.984375,0.640625
273.671875,0.687500
287.718750,0.609375
288.343750,0.625000
288.953125,0.609375
295.015625,0.593750
295.609375,0.593750
296.187500,0.578125
296.812500,0.625000
297.390625,0.578125
298.031250,0.640625
298.640625,0.609375
299.250000,0.609375
299.843750,0.593750
300.468750,0.625000
304.421875,0.593750
305.062500,0.640625
305.671875,0.609375
310.296875,0.625000
335.687500,0.640625
336.390625,0.703125
337.109375,0.718750
337.781250,0.671875
338.484375,0.703125
339.187500,0.703125
339.859375,0.671875
340.546875,0.687500
344.921875,0.625000
345.546875,0.625000
346.171875,0.625000
346.812500,0.640625
347.437500,0.625000
348.234375,0.796875
348.875000,0.640625
349.468750,0.593750
350.093750,0.625000
350.671875,0.578125
351.234375,0.562500
351.812500,0.578125
352.375000,0.562500
362.593750,0.578125
363.218750,0.625000
363.859375,0.640625
364.500000,0.640625
365.125000,0.625000
365.734375,0.609375
366.328125,0.593750
366.906250,0.578125
393.562500,0.593750
394.140625,0.578125
394.750000,0.609375
395.296875,0.546875
395.843750,0.546875
405.890625,0.859375
406.578125,0.687500
407.187500,0.609375
407.812500,0.625000
459.953125,0.578125
460.546875,0.593750
461.203125,0.656250
461.953125,0.750000
462.765625,0.812500
463.515625,0.750000
464.234375,0.718750
464.843750,0.609375
467.843750,0.578125
480.156250,0.843750
480.921875,0.765625
534.906250,0.609375
535.515625,0.609375
536.125000,0.609375
536.703125,0.578125
537.281250,0.578125
537.828125,0.546875
538.375000,0.546875
538.906250,0.531250
570.718750,0.640625
571.312500,0.593750
571.906250,0.593750
577.859375,0.578125
578.453125,0.593750
579.093750,0.640625
579.703125,0.609375
580.296875,0.593750
580.859375,0.562500
581.421875,0.562500
581.984375,0.562500
582.578125,0.593750
583.125000,0.546875
583.703125,0.578125
584.312500,0.609375
601.093750,0.562500
601.671875,0.578125
602.203125,0.531250
602.750000,0.546875
639.750000,0.578125
713.046875,0.656250
744.156250,0.593750
744.734375,0.578125
745.359375,0.625000
745.937500,0.578125
746.515625,0.578125
747.093750,0.578125
747.640625,0.546875
748.203125,0.562500
748.750000,0.546875
749.312500,0.562500
749.859375,0.546875
750.406250,0.546875
750.953125,0.546875
751.515625,0.562500
752.062500,0.546875
755.140625,0.640625
755.796875,0.656250
761.640625,0.562500
762.218750,0.578125
762.781250,0.562500
763.390625,0.609375
764.015625,0.625000
764.656250,0.640625
765.296875,0.640625
790.484375,0.687500
835.781250,0.609375
836.468750,0.687500
842.828125,0.703125
843.546875,0.718750
844.265625,0.718750
845.031250,0.765625
845.781250,0.750000
846.531250,0.750000
847.250000,0.718750
847.937500,0.687500
848.609375,0.671875
849.187500,0.578125
862.125000,0.609375
862.750000,0.625000
863.343750,0.593750
863.937500,0.593750
864.546875,0.609375
865.156250,0.609375
865.750000,0.593750
866.328125,0.578125
866.906250,0.578125
867.484375,0.578125
868.046875,0.562500
868.578125,0.531250
873.515625,0.593750
878.484375,0.609375
879.125000,0.640625
879.765625,0.640625
880.468750,0.703125
881.171875,0.703125
881.843750,0.671875
882.484375,0.640625
883.140625,0.656250
883.781250,0.640625
884.406250,0.625000
933.734375,0.593750
934.343750,0.609375
934.968750,0.625000
943.343750,0.640625
944.015625,0.671875
944.750000,0.734375
945.578125,0.828125
954.906250,0.921875
955.843750,0.937500
961.125000,0.765625
961.921875,0.796875
962.750000,0.828125
963.578125,0.828125
964.375000,0.796875
965.234375,0.859375
966.109375,0.875000
966.984375,0.875000
967.859375,0.875000
968.687500,0.828125
969.484375,0.796875
970.296875,0.812500
971.125000,0.828125
971.968750,0.843750
972.812500,0.843750
973.625000,0.812500
974.453125,0.828125
975.296875,0.843750
983.312500,0.843750
984.312500,1.000000
985.078125,0.765625
985.812500,0.734375
986.593750,0.781250
987.265625,0.671875
988.000000,0.734375
988.718750,0.718750
989.390625,0.671875
990.031250,0.640625
990.703125,0.671875
991.484375,0.781250
992.375000,0.890625
993.156250,0.781250
993.921875,0.765625
994.703125,0.781250
995.468750,0.765625
996.218750,0.750000
996.906250,0.687500
1004.609375,0.765625
1005.453125,0.843750
1006.250000,0.796875
1007.015625,0.765625
1007.750000,0.734375
1008.484375,0.734375
1022.812500,0.796875
1023.562500,0.750000
1029.875000,0.796875
1030.671875,0.796875
1031.406250,0.734375
1032.109375,0.703125
1032.781250,0.671875
1033.437500,0.656250
1034.062500,0.625000
1045.062500,0.703125
1045.781250,0.718750
1046.468750,0.687500
1047.140625,0.671875
1047.828125,0.687500
1048.453125,0.625000
1049.109375,0.656250
1049.765625,0.656250
1050.437500,0.671875
1051.109375,0.671875
1051.796875,0.687500
1052.484375,0.687500
1053.187500,0.703125
1053.953125,0.765625
1054.687500,0.734375
1055.437500,0.750000
1056.171875,0.734375
1056.859375,0.687500
1057.515625,0.656250
1058.218750,0.703125
1058.937500,0.718750
1065.171875,0.625000
1065.781250,0.609375
1066.390625,0.609375
1066.953125,0.562500
1067.515625,0.562500
1068.078125,0.562500
1068.671875,0.593750
1069.296875,0.625000
1070.078125,0.781250
1070.828125,0.750000
1071.500000,0.671875
1072.187500,0.687500
1078.828125,0.656250
1079.515625,0.687500
1080.296875,0.781250
1081.031250,0.734375
1081.734375,0.703125
1087.343750,0.921875
1088.140625,0.796875
1088.984375,0.843750
1089.765625,0.781250
1093.218750,0.734375
1094.031250,0.812500
1094.812500,0.781250
1095.515625,0.703125
1096.234375,0.718750
1096.953125,0.718750
1097.875000,0.921875
1098.718750,0.843750
1099.531250,0.812500
1100.343750,0.812500
1101.140625,0.796875
1101.875000,0.734375
1102.562500,0.687500
1103.328125,0.765625
1104.109375,0.781250
1104.937500,0.828125
1105.750000,0.812500
1106.468750,0.718750
1120.390625,0.656250
1134.750000,0.546875
1135.312500,0.562500
1178.140625,0.671875
1210.156250,0.718750
1210.906250,0.750000
1211.656250,0.750000
1212.343750,0.687500
1213.062500,0.718750
1300.375000,0.671875
1301.031250,0.656250
1301.687500,0.656250
1302.390625,0.703125
1303.187500,0.796875
1303.921875,0.734375
1304.609375,0.687500
1314.171875,0.593750
1314.750000,0.578125
1319.171875,0.671875
1320.078125,0.906250
1320.828125,0.750000
1342.875000,0.734375
1343.531250,0.656250
1344.156250,0.625000
1344.765625,0.609375
